L101	450	450 -62.891530 17.213020 103.83 19715.6 0.81149
L103	650	650 -62.686765 17.003828 72.147 14552.4 0.70682
L107	1050	1050 -62.306807 16.617000 14.868 5204.4 0.7027
L603	300	300 -62.529980 16.242740 38.341 9431.1 1.32318
L604	400	400 -62.417263 16.353083 21.19 6418.4 1.06059
L606	600	600 -62.192935 16.562335 12.129 4563.7 0.81494
L607	700	700 -62.083635 16.661698 28.158 7471.3 0.99634
L608	800	800 -61.973553 16.746412 43.19 9841.1 0.82223
L610	1000	1000 -62.104078 16.507192 18.559 6023.8 0.98495
L611	1100	1100 -62.180565 16.395167 14.357 5330.2 1.25547
L612	1200	1200 -62.248377 16.296170 21.221 6780.2 1.47388
L801	50	50 -62.350280 16.268237 25.471 7437.3 1.39735
L804	350	350 -62.649295 16.598558 41.647 10098.3 1.36408
